1 0.047266 0.982639 0.080469 0.034722
1 0.155469 0.929167 0.065625 0.141667
1 0.242578 0.902778 0.066406 0.138889
1 0.363672 0.896528 0.107031 0.048611
1 0.534375 0.860417 0.053125 0.145833
1 0.234375 0.531250 0.081250 0.170833
1 0.003906 0.526389 0.006250 0.044444
1 0.110156 0.553472 0.106250 0.165278
1 0.040234 0.164583 0.069531 0.159722
1 0.152344 0.167361 0.082812 0.151389
1 0.248438 0.171528 0.065625 0.143056
1 0.345703 0.173611 0.091406 0.138889
1 0.729688 0.175694 0.065625 0.062500
1 0.791797 0.200000 0.085156 0.113889
1 0.852344 0.201389 0.081250 0.105556
1 0.900781 0.190278 0.084375 0.122222
1 0.947266 0.202083 0.080469 0.101389
1 0.933594 0.478472 0.059375 0.031944
1 0.866797 0.465972 0.077344 0.112500
1 0.800781 0.498611 0.032813 0.030556
1 0.776953 0.769444 0.047656 0.036111
1 0.822656 0.752083 0.015625 0.098611
1 0.874219 0.752778 0.057813 0.044444
1 0.951953 0.739583 0.055469 0.045833
