2 0.016016 0.196528 0.030469 0.390278
2 0.052734 0.196528 0.039844 0.390278
2 0.094141 0.197917 0.036719 0.393056
2 0.135156 0.199306 0.032813 0.395833
2 0.177344 0.200694 0.032813 0.398611
2 0.219531 0.199306 0.032813 0.395833
2 0.263672 0.200694 0.033594 0.398611
2 0.299609 0.202083 0.028906 0.401389
2 0.342578 0.202083 0.032031 0.401389
2 0.383984 0.204861 0.030469 0.406944
2 0.429297 0.106250 0.024219 0.209722
2 0.017188 0.854167 0.031250 0.286111
2 0.061328 0.820833 0.032031 0.358333
2 0.103125 0.829167 0.025000 0.341667
2 0.135937 0.856944 0.025000 0.280556
2 0.175781 0.859722 0.026562 0.280556
2 0.255469 0.825000 0.018750 0.350000
2 0.335156 0.919444 0.023438 0.161111
2 0.667578 0.943056 0.182031 0.113889
2 0.844531 0.944444 0.185938 0.111111
2 0.866016 0.782639 0.216406 0.220833
2 0.453906 0.705556 0.723437 0.538889
2 0.562500 0.233333 0.190625 0.294444
2 0.655469 0.175000 0.173437 0.322222
2 0.749219 0.071528 0.148438 0.140278
2 0.884375 0.063194 0.093750 0.123611
2 0.861719 0.236111 0.220312 0.200000
2 0.991406 0.195833 0.017188 0.325000
2 0.294141 0.963194 0.022656 0.073611
