2 0.087500 0.027083 0.173437 0.051389
2 0.619531 0.034722 0.121875 0.066667
2 0.042969 0.123611 0.084375 0.033333
2 0.012109 0.564583 0.022656 0.676389
2 0.036719 0.591667 0.034375 0.625000
2 0.065234 0.651389 0.021094 0.502778
2 0.093750 0.460417 0.028125 0.618056
2 0.119922 0.427778 0.036719 0.652778
2 0.155469 0.510417 0.045312 0.784722
2 0.180469 0.495139 0.031250 0.812500
2 0.207813 0.507639 0.031250 0.784722
2 0.238672 0.478472 0.030469 0.756944
2 0.261328 0.468056 0.010156 0.675000
2 0.292969 0.251389 0.015625 0.369444
2 0.323828 0.262500 0.013281 0.294444
2 0.383203 0.081944 0.005469 0.033333
2 0.415625 0.100694 0.006250 0.018056
2 0.446484 0.239583 0.010156 0.279167
2 0.471875 0.238889 0.015625 0.316667
2 0.500781 0.270833 0.010937 0.288889
2 0.528906 0.261806 0.020313 0.354167
2 0.557031 0.258333 0.020313 0.394444
2 0.780078 0.093750 0.439844 0.148611
2 0.787891 0.192361 0.424219 0.148611
2 0.589844 0.411806 0.007812 0.054167
2 0.623437 0.616667 0.020313 0.533333
2 0.650000 0.616667 0.021875 0.536111
2 0.680078 0.636806 0.027344 0.490278
2 0.708984 0.656944 0.022656 0.447222
2 0.738672 0.593750 0.022656 0.565278
2 0.764062 0.638889 0.025000 0.472222
2 0.798438 0.593750 0.023438 0.415278
2 0.827344 0.606944 0.026562 0.377778
2 0.855859 0.611806 0.028906 0.512500
2 0.883203 0.605556 0.025781 0.522222
2 0.909766 0.627083 0.022656 0.479167
2 0.937891 0.550694 0.030469 0.623611
2 0.966406 0.593750 0.025000 0.534722
2 0.990234 0.574306 0.019531 0.565278
2 0.506641 0.610417 0.902344 0.709722
