2 0.012891 0.334028 0.024219 0.665278
2 0.034766 0.333333 0.030469 0.663889
2 0.061328 0.334028 0.025781 0.659722
2 0.092578 0.347222 0.032031 0.622222
2 0.124219 0.356250 0.026562 0.615278
2 0.155078 0.356250 0.022656 0.609722
2 0.185547 0.339583 0.030469 0.645833
2 0.218750 0.340278 0.023438 0.644444
2 0.249219 0.341667 0.028125 0.575000
2 0.277734 0.336111 0.028906 0.561111
2 0.312500 0.338889 0.021875 0.558333
2 0.342578 0.354861 0.024219 0.537500
2 0.375000 0.243750 0.023438 0.312500
2 0.402734 0.190278 0.019531 0.258333
2 0.033594 0.876389 0.032813 0.152778
2 0.068359 0.892361 0.017969 0.187500
2 0.098828 0.868750 0.016406 0.134722
2 0.125391 0.833333 0.016406 0.122222
2 0.159375 0.820833 0.021875 0.088889
2 0.187500 0.774306 0.015625 0.145833
2 0.219531 0.797222 0.025000 0.100000
2 0.253125 0.806250 0.014063 0.081944
2 0.282813 0.817361 0.007812 0.056944
2 0.310937 0.815972 0.012500 0.062500
2 0.342578 0.801389 0.010156 0.097222
2 0.432812 0.198611 0.018750 0.183333
2 0.460547 0.175694 0.014844 0.215278
2 0.556250 0.034722 0.007812 0.036111
2 0.583984 0.170139 0.024219 0.204167
2 0.612500 0.174306 0.020313 0.231944
2 0.640234 0.783333 0.016406 0.141667
2 0.641406 0.171528 0.018750 0.270833
2 0.672656 0.258333 0.020313 0.225000
2 0.732812 0.346528 0.018750 0.434722
2 0.764453 0.395139 0.028906 0.529167
2 0.799219 0.404167 0.031250 0.522222
2 0.831250 0.393056 0.032813 0.533333
2 0.860547 0.401389 0.033594 0.527778
2 0.891797 0.391667 0.028906 0.547222
2 0.917578 0.475000 0.021094 0.347222
2 0.952734 0.486806 0.024219 0.359722
2 0.984375 0.481944 0.025000 0.369444
2 0.671484 0.824306 0.019531 0.059722
2 0.701562 0.820833 0.018750 0.069444
2 0.731641 0.834028 0.017969 0.045833
2 0.761328 0.797222 0.016406 0.116667
2 0.788672 0.799306 0.016406 0.112500
2 0.806250 0.784722 0.014063 0.141667
2 0.821484 0.781944 0.014844 0.152778
2 0.851172 0.809722 0.014844 0.138889
2 0.881641 0.815278 0.019531 0.213889
2 0.924609 0.768750 0.011719 0.106944
2 0.942578 0.854167 0.019531 0.291667
2 0.973437 0.869444 0.017188 0.261111
2 0.946875 0.100694 0.053125 0.076389
2 0.484375 0.754167 0.537500 0.266667
